$ANSIBLE_VAULT;1.1;AES256
64613434653834396633333430346632633766396663633164383136336439653035356433303934
3838306661323338313165386634343835333532393463300a376131633032326363323934363833
34636461373839386162386137643664323566656134613431616537333665613231303261666234
3539646136383134300a356262626161636238646165396162646538343236396337353836356231
34613739363038343731306537623866313833353864363233313736646165343765346330326435
39363039313433336266623366643631666137663838396235633465396365303236626536623263
63643466333162623830663232316139613635393161356662616532643961323364386333333735
39313464333232666435326162393737393036636565613237656237383064336630326664343563
38643930393337663536383363663961616538363134363465313338616233343437663937376265
62393236313633323734346436303362643366643562303363346134326130616165323630323266
62323264396530313464666133356535656166656535633532303038666164386636323861323837
64303031383730656638
